# Copy this file into $DB_DIR/gemped to use these pedestals for analysis
# format = crate, slot, mpd, adc_ch, CM mean, CM RMS

19   0   0   0   405.48   14.985
19   0   0   1   378.45   17.242
19   0   0   2   509.31   14.815
19   0   0   3   515.73   15.03
19   0   0   4   524.29   15.871
19   0   0   5   473.3   15.435
19   0   0   6   545.6   14.88
19   0   0   7   497.71   16.418
19   0   0   8   579.9   13.353
19   0   0   9   530.03   15.143
19   0   0   10   464.13   12.949
19   0   0   11   422.42   11.91
19   0   0   12   500.39   14.286
19   0   0   13   495.5   12.724
19   0   0   14   521.22   14.482
19   0   0   15   421.31   9.751
19   1   1   0   489.14   10.594
19   1   1   1   536.56   10.901
19   1   1   2   542.18   13.959
19   1   1   3   406.45   11.86
19   1   1   4   529.98   13.701
19   1   1   5   1916.9   8.1962
19   1   1   6   1938.1   6.0342
19   1   1   7   1948.3   7.8762
19   1   1   8   1957.3   6.6449
19   1   1   9   543.82   13.602
19   1   1   10   407.08   12.224
19   1   1   11   499.55   10.51
19   1   1   12   408.63   10.362
19   1   1   13   466.43   8.4545
19   1   1   14   427.89   14.562
19   1   1   15   430.71   9.7027
19   2   2   0   479.46   10.427
19   2   2   1   567.73   12.658
19   2   2   2   446.05   14.009
19   2   2   3   345.81   13.947
19   2   2   4   415.96   16.619
19   2   2   5   521.14   18.167
19   2   2   6   545.66   14.317
19   2   2   7   569.71   11.826
19   2   2   8   584.64   10.403
19   2   2   9   605.16   11.928
19   2   2   10   524.86   11.576
19   2   2   11   517.71   12.652
19   2   2   12   536.77   13.033
19   2   2   13   508.53   16.067
19   2   2   14   427.12   13.992
19   2   2   15   559.52   14.625
19   3   3   0   508.17   13.489
19   3   3   1   493.17   15.306
19   3   3   2   503.44   12.896
19   3   3   3   530.2   11.919
19   3   3   4   491.96   10.542
19   3   3   5   495.97   10.464
19   3   3   6   592.01   8.8674
19   3   3   7   285.61   7.8199
19   3   3   8   522.61   9.719
19   3   3   9   602.78   8.2715
19   7   7   8   505.23   9.9981
19   7   7   9   435.16   9.2004
19   7   7   10   524.46   8.7715
19   7   7   11   355.27   9.3028
19   7   7   12   296.02   11.021
19   7   7   13   571.48   11.76
19   7   7   14   356.76   10.37
19   7   7   15   529.7   9.6579
19   8   8   0   332.81   10.096
19   8   8   1   487.34   11.428
19   8   8   2   330.05   9.3174
19   8   8   3   497.11   10.077
19   8   8   4   534.1   9.6711
19   8   8   5   519.24   9.3498
19   8   8   6   488.32   12.203
19   8   8   7   503.69   12.528
19   8   8   8   434.16   9.9531
19   8   8   9   544.63   8.8256
19   8   8   10   548.25   10.905
19   8   8   11   398.82   10.62
19   8   8   12   478.98   9.7538
19   8   8   13   577.97   9.4194
19   8   8   14   572.43   10.756
19   8   8   15   505.62   12.107
19   9   9   0   493.47   9.7783
19   9   9   1   524.54   9.7764
19   9   9   2   443.57   8.0339
19   9   9   3   616.71   8.7866
19   9   9   4   495.7   7.8375
19   9   9   5   418.24   6.0166
19   9   9   6   409.69   8.8895
19   9   9   7   317.25   8.4781
19   9   9   8   586.99   10.315
19   9   9   9   481.14   9.557
19   9   9   10   501.74   10.614
19   9   9   11   514.74   9.6556
19   9   9   12   402.08   11.597
19   9   9   13   350.38   13.743
19   9   9   14   360.92   8.6885
19   9   9   15   542.95   8.3057
19   10   10   0   481.84   11.929
19   10   10   1   337.75   8.9061
19   10   10   2   484.19   11.914
19   10   10   3   465.41   13.473
19   10   10   4   386.49   14.605
19   10   10   5   562.09   14.395
19   10   10   6   442.96   11.013
19   10   10   7   475.39   11.765
19   10   10   8   529.08   7.9078
19   10   10   9   517.33   8.6789
19   10   10   10   552.85   9.8294
19   10   10   11   508.9   8.6069
19   10   10   12   482.18   8.0112
19   10   10   13   593.66   7.8645
19   10   10   14   285.49   10.376
19   10   10   15   491.68   8.2064
19   11   11   0   573.34   12.256
19   11   11   1   585.73   8.6726
19   11   11   2   500.88   13.053
19   11   11   3   483.31   6.9864
19   15   15   0   511.97   7.488
19   15   15   1   537.35   9.2902
19   15   15   2   494.28   10.603
19   15   15   3   644.6   12.512
19   15   15   4   402.17   11.339
19   15   15   5   517.96   13.572
19   15   15   6   505.11   12.44
19   15   15   7   559.62   13.252
19   15   15   8   431.02   13.145
19   15   15   9   555.22   13.164
19   15   15   10   549.94   15.04
19   15   15   11   607.42   13.187
19   15   15   12   472.35   15.618
19   15   15   13   471.74   16.132
19   15   15   14   523.64   16.36
19   15   15   15   587.3   14.259
19   16   16   0   476.34   11.153
19   16   16   1   515.95   12.13
19   16   16   2   513.62   6.8875
19   16   16   3   462.3   13.995
19   16   16   4   545.98   11.549
19   16   16   5   534.69   11.525
19   16   16   6   457.26   11.45
19   16   16   7   488.77   12.514
19   16   16   8   506.63   11.017
19   16   16   9   608.72   9.1814
19   16   16   10   555.7   8.4721
19   16   16   11   478.97   8.3791
19   16   16   12   594.23   7.092
19   16   16   13   575.69   7.9943
19   16   16   14   530.72   7.9011
19   16   16   15   581.4   8.3763
19   17   17   0   535.29   9.9916
19   17   17   1   517.23   12.59
19   17   17   2   552.51   11.163
19   17   17   3   603.37   10.777
19   17   17   4   569.79   13.974
19   17   17   5   517.5   12.861
19   17   17   6   685.61   7.3301
19   17   17   7   538.8   11.913
19   17   17   8   347.46   15.269
19   17   17   9   520.46   13.809
19   17   17   10   409.43   12.959
19   17   17   11   652.7   14.042
19   17   17   12   634.92   16.95
19   17   17   13   573.12   18.722
19   17   17   14   605.44   15.725
19   17   17   15   601.8   14.539
19   18   18   0   603.72   13.169
19   18   18   1   472.12   12.54
19   18   18   2   649.8   13.523
19   18   18   3   458   13.249
19   18   18   4   676.21   12.082
19   18   18   5   599.86   10.733
19   18   18   6   660.92   10.184
19   18   18   7   717.5   9.7502
19   18   18   8   506.44   9.8992
19   18   18   9   524.22   9.9892
19   18   18   10   455.27   9.4035
19   18   18   11   441.07   7.925
20   3   3   12   601.03   12.863
20   3   3   13   598.14   16.746
20   3   3   14   560.81   11.044
20   3   3   15   552.35   11.052
20   4   4   0   526.43   11.294
20   4   4   1   562.38   12.23
20   4   4   2   586.08   12.497
20   4   4   3   578.27   11.653
20   4   4   4   557.41   16.754
20   4   4   5   586.7   12.731
20   4   4   6   600.58   13.135
20   4   4   7   625.63   11.188
20   4   4   8   594.96   11.511
20   4   4   9   615.17   10.363
20   4   4   10   581.33   10.253
20   4   4   11   539.17   11.16
20   4   4   12   611.48   13.029
20   4   4   13   666.37   10.85
20   4   4   14   608.5   9.875
20   4   4   15   658.34   11.086
20   5   5   0   606.45   11.024
20   5   5   1   510.59   11.423
20   6   6   8   534.08   8.9075
20   6   6   9   365.8   8.4875
20   6   6   10   328.12   8.2019
20   6   6   11   553.51   9.0414
20   6   6   12   567.9   9.4547
20   6   6   13   537.94   9.8097
20   6   6   14   488.07   8.9084
20   6   6   15   475.17   8.9952
20   7   7   0   424.77   9.3095
20   7   7   1   486.06   10.386
20   7   7   2   694.66   10.641
20   7   7   3   464   8.0081
20   7   7   4   777.23   8.0206
20   7   7   5   664.34   7.7147
20   7   7   6   490.39   7.9544
20   7   7   7   624.73   10.744
20   7   7   8   604.6   8.7729
20   7   7   9   597.69   8.6169
20   7   7   10   518.63   8.3218
20   7   7   11   416.29   9.5441
20   7   7   12   596.57   8.0595
20   7   7   13   624.71   12.117
20   9   9   4   580.35   9.9669
20   9   9   5   571.68   9.4993
20   9   9   6   571.84   10.321
20   9   9   7   535.77   8.971
20   9   9   8   421.47   9.6759
20   9   9   9   351.75   8.9773
20   9   9   10   418.68   8.9451
20   9   9   11   447.03   8.7467
20   9   9   12   467.63   9.2575
20   9   9   13   452.77   10.057
20   9   9   14   431.45   11.194
20   9   9   15   547.92   8.8379
20   10   10   0   422.71   10.106
20   10   10   1   542.54   8.6255
20   10   10   2   698.22   9.0579
20   10   10   3   473.75   9.4092
20   10   10   4   656.84   10.851
20   10   10   5   391.04   8.3809
20   10   10   6   454.41   8.2867
20   10   10   7   441.86   8.146
20   10   10   8   643.51   8.0475
20   10   10   9   647.13   10.055
20   12   12   0   610.58   9.7343
20   12   12   1   547.36   9.4303
20   12   12   2   567.36   9.0538
20   12   12   3   540.24   10.433
20   12   12   4   443.15   10.132
20   12   12   5   537.61   10.452
20   12   12   6   581.89   10.829
20   12   12   7   533.76   12.071
20   12   12   8   536.99   9.7757
20   12   12   9   477.72   9.4425
20   12   12   10   494.22   11.818
20   12   12   11   566.11   10.041
20   12   12   12   674.26   10.447
20   12   12   13   513.78   8.9413
20   12   12   14   626.15   9.4915
20   12   12   15   575.29   10.822
20   13   13   0   654.88   8.5813
20   13   13   1   587.49   9.6067
20   13   13   2   471.76   9.2279
20   13   13   3   633.61   9.7204
20   13   13   4   571.47   8.0383
20   13   13   5   466.23   12.545
